1000000000000122,
2220000000202202,
2220200002021022,
1021102010121020,
1022122110201000,
1021102110211000,
1011201210210101,
1020102120111011,
1010111011101101,
0222102212202001,
2011102110221110,
1020102000201020,
0000100010222011,
0022102120211020,
1011100120111102,
0122101120111011,
1011101010201111,
2001102210001020,
1010111110211110,
0112100000001001,
1022102020221111,
1011110110111210,
1020100111101211,
1001101112001111,
1011110020010100,
2000102010201011,
1020202012201112,
1211120010011022,
1222000220211111,
2000102010101000,
2000102011211022,
1120102011021011,
1000020000001011,
2020102000021010,
0002020122221000,
1011000010021221,
1221102210212110,
2010202010100000,
0020201120211001,
1120100220221010,
2111102010111021,
0011000020010000,
1000200210101000,
2000100000001010,
1020212111102001,
1020102110221002,
1011201220102011,
1021100120211111,
1011101010211110,
1022102210201002,
2021101110211120,
1120102200011010,
2020101010100011,
1020102210011000,
1021100110201102,
1022100120111011,
1010100010201010,
1021100020001000,
1010112110201010,
1122100000201002,
2021102111202002,
2220000200000212,
2122222122220221,
1278200000002201,